1.738039878547004946e+01
-1.904793357271855712e+02
2.395695605975441538e+02
-1.101404266073610927e+02
2.685715133150819867e+01
-4.070950196156686296e+00
4.173371909316633266e-01
-3.044424319908330123e-02
1.633403471151493105e-03
-6.589513671991985516e-05
2.027932214676572502e-06
-4.800607440340927164e-08
8.765207778659083984e-10
-1.230638930688851824e-11
1.315646975919103606e-13
-1.050963481388370923e-15
6.070797296729212141e-18
-2.394112358954820544e-20
5.765349138914732427e-23
-6.393483626066424726e-26
