3.375192648099556436e+01
-3.640801184910101824e+02
3.518859049823606142e+02
-1.421838644662639979e+02
3.221482245621643870e+01
-4.664315051436688897e+00
4.639084742011027052e-01
-3.314495549249182882e-02
1.752295164131330340e-03
-6.993875684446338294e-05
2.135326462632568626e-06
-5.024479821235469299e-08
9.131486588525752989e-10
-1.277418518824499990e-11
1.361733521490326541e-13
-1.085270935517555085e-15
6.257263678249974687e-18
-2.463881704512880156e-20
5.925904977637612215e-23
-6.564684649020548735e-26
